34124.75
34124.48
34124.90
34125.31
34125.05
34124.98
34124.12
34124.34
34124.65
34125.56
34125.11
34124.23
34124.33
34125.22
34125.77
34124.55
34124.21
34125.12
34125.99
34124.97
34124.96
34125.69
34125.87
34124.89
34124.15
34125.57
34125.18
34124.10
34124.20
34125.13
34125.15
34124.19
34124.09
34125.90
34125.08
34124.80
34124.70
34125.07
34125.06
34124.61
34124.60
34125.62
34125.05
34124.50
34124.63
34125.37
34125.36
34124.04
34124.40
34125.39
34125.95
34124.96
34124.30
34125.03
34125.07
34124.04
34124.00
34125.11
34125.22
34124.33
34124.44
34125.55
34125.66
34124.77
34124.88
34124.99
34125.93
34125.83
34124.73
34124.63
34125.53
34125.43
34124.33
34124.23
34125.13
34125.03
34124.14
34124.24
34125.34
34125.45
34124.51
34124.52
34125.53
34125.59
34124.21
34124.22
34125.23
34125.29
34124.71
34124.72
34125.73
34125.76
34124.51
34124.54
34125.53
34125.59
34124.61
34124.62
34125.68
34125.59
